 33         33         33 
 33         33         33 
                          
                          
                          
                          
                          
                          
                          
                          
                          
                          
                          
                          
                          
                          
                          
                          
                          
                          
                          
                          
                          
           1111           
        33 1  1 33        
        33 1  1 33        
