33333333333333333333333333
3                        3
3                        3
3                        3
3               22       3
3               22       3
3    11                  3
3    11                  3
3                        3
3                        3
3                 22     3
3                 22     3
3                        3
3                        3
3   22         33        3
3   22         33        3
3         22             3
3         22             3
3                        3
3                        3
3   33           11      3
3   33           11      3
3                        3
3                        3
3                        3
33333333333333333333333333
