33333333333333333333333333
3                        3
3                        3
3                        3
3                        3
3                        3
3   11             22    3
3   11             22    3
3           22     22    3
3           22           3
3                        3
3                        3
3                        3
3                        3
3     33           33    3
3     33           33    3
3     33           33    3
3                  33    3
3                        3
3                        3
3                        3
3                        3
3                        3
3                        3
3                        3
33333333333333333333333333
