33333333333333333333333333
3                        3
3                 11111113
3  33     2233    11222113
3  33     2233211111222113
32222222222211211111222113
32222222222211222222222113
32211111112211222222222113
32211111112211111133221113
32211111112211111133221113
33311222222222222222222213
33311222222222222222222213
31111223322332233111112213
31111223322332233111112213
3  33221122112222222212213
3  33221122112222222212213
31111221122111111111112213
31111221122111111111112213
3  33113322112222222222213
3  33113322112222222222213
3  22222222111111111111113
3  22222222       3322   3
3111111    1111   3322   3
3111111    1  12222222   3
3          1  12222222   3
33333333333333333333333333
