33333333333333333333333333
3            1         333
3            1         333
3   1111111  1  11111  113
3   1        1  1   1  113
3   1        1  1   1  223
3   1  1111  1  11  1  223
3   1  1221  1      1  113
322 1  1221  1      1  113
32211  11111111111111  113
32211        2222      113
32211        2222      113
32211  111  111111111  113
32211  131  111111111  113
3  11  131   2222   1  113
3   1  131   2222   1  113
3   1  11111111111  1    3
31111  1     22221  1    3
31111  11111122221  111113
3           122221  111113
3           122221       3
3111111111  111111       3
3        1          111113
3        1          1    3
3        111111111111    3
33333333333333333333333333
