                          
                          
                          
                          
             333          
               3          
                3         
                3         
                3         
        33    333         
          333             
              3333        
                 33       
                  3       
                  3       
                  3       
                  3       
                  3       
                  3       
                 3        
                 3        
                          
                          
                          
                          
                          
